set: ( # Suspension Point Coordinates Definition

	xA = 1.648347;
	yA = -0.273206;
	zA = 0.303434;

	xB = 1.406764;
	yB = -0.273327;
	zB = 0.309890;

	xC = 1.698576;
	yC = -0.262926;
	zC = 0.126153;

	xD = 1.442210;
	yD = -0.263181;
	zD = 0.150828;

	xX = 1.510800;
	yX = -0.527786;
	zX = 0.350;

	xY = 1.539399;
	yY = -0.563477;
	zY = 0.148512;

	xW = 1.550;
	yW = -0.6125;
	zW = 0.235;

	xK = 1.490;
	yK = -0.266310;
	zK = 0.119872;

	xJ = 1.490;
	yJ = -0.553400;
	zJ = 0.118540;

	xL = 1.520385;
	yL = -0.180;
	zL = 0.550794;

	xM = 1.474330;
	yM = -0.191715;
	zM = 0.544030;

	xN = 1.510800;
	yN = -0.527786;
	zN = 0.350;

	xR = 1.528677;
	yR = -0.117078;
	zR = 0.587122;

	xS = 1.710;
	yS = -0.135;
	zS = 0.576775;

	xU = 1.508329;
	yU = -0.117534;
	zU = 0.586859;

	xV = 1.459027;
	yV = -0.124672;
	zV = 0.582738;

	xZ = 1.459013;
	yZ = 0.0;
	zZ = 0.509594

);