set: ( # Suspension Point Coordinates Definition

	xA = 0.125161;
	yA = -0.3183390;
	zA = 0.314902;

	xB = -0.160644;
	yB = -0.318236;
	zB = 0.310835;

	xC = 0.088707;
	yC = -0.307596;
	zC = 0.143145;

	xD = -0.169595;
	yD = -0.307096;
	zD = 0.119973;

	xX = -0.025600;
	yX = -0.530800;
	zX = 0.350000;

	xY = -0.006400;
	yY = -0.569500;
	zY = 0.130400;

	xW = 0.;
	yW = -0.6125;
	zW = 0.235;

	xK = 0.084331;
	yK = -0.356843;
	zK = 0.141969;

	xJ = 0.065785;
	yJ = -0.570499;
	zJ = 0.136865;

	xL = -0.024834;
	yL = -0.290;
	zL = 0.467446;

	xM = -0.067290;
	yM = -0.303410;
	zM = 0.460910;

	xN = -0.025600;
	yN = -0.530800;
	zN = 0.350;

	xR = -0.004470;
	yR = -0.225640;
	zR = 0.498840;

	xS = 0.171069;
	yS = -0.270500;
	zS = 0.476957;

	xU = -0.024833;
	yU = -0.216476;
	zU = 0.522777;

	xV = -0.159830;
	yV = -0.226579;
	zV = 0.532891;

	xZ = -0.159830;
	yZ = 0.0;
	zZ = 0.482220

);