set: ( # Suspension Point Coordinates Definition

	xA = 1.669771;
	yA = -0.239825;
	zA = 0.299228;

	xB = 1.315956;
	yB = -0.230445;
	zB = 0.244661;

	xC = 1.670000;
	yC = -0.136453;
	zC = 0.118951;

	xD = 1.400000;
	yD = -0.166162;
	zD = 0.118596;

	xX = 1.525700;
	yX = -0.555511;
	zX = 0.275000;

	xY = 1.528650;
	yY = -0.595528;
	zY = 0.107000;

	xW = 1.530000;
	yW = -0.635000;
	zW = 0.198000;

	xK = 1.470000;
	yK = -0.128500;
	zK = 0.138658;

	xJ = 1.470000;
	yJ = -0.566941;
	zJ = 0.138658;

	xL = 1.504977;
	yL = -0.125000;
	zL = 0.572992;

	xM = 1.504977;
	yM = -0.125000;
	zM = 0.614415;

	xN = 1.525700;
	yN = -0.555511;
	zN = 0.275000;

	xH = 1.504977;
	yH = -0.125000;
	zH = 0.617762;

	xR = 1.443027;
	yR = -0.107732;
	zR = 0.529870

);