set: ( # Suspension Point Coordinates Definition

	xA = 0.135000;
	yA = 0.218978;
	zA = 0.268550;

	xB = -0.110000;
	yB = 0.218964;
	zB = 0.268550;

	xC = 0.135000;
	yC = 0.216341;
	zC = 0.138491;

	xD = -0.011000;
	yD = 0.212722;
	zD = 0.119529;

	xX = -0.058680;
	yX = 0.579673;
	zX = 0.265000;

	xY = -0.022896;
	yY = 0.612619;
	zY = 0.110000;

	xW = 0.;
	yW = 0.635000;
	zW = 0.198000;

	xJ = 0.071320;
	yJ = 0.579673;
	zJ = 0.265000;

	xK = 0.135000;
	yK = 0.218978;
	zK = 0.268550;

	xL = -0.050086;
	yL = 0.137500;
	zL = 0.420786;

	xM = -0.050086;
	yM = 0.137500;
	zM = 0.456441;

	xN = -0.027409;
	yN = 0.543622;
	zN = 0.161582;

	xH = -0.050086;
	yH = 0.137500;
	zH = 0.462873;

	xR = 0.011864;
	yR = 0.123611;
	zR = 0.434920

);